933
245
713
461
215
213
385
79
609
736
631
390
121
815
948
490
742
677
133
168
220
557
119
624
167
9
457
54
844
120
49
542
468
127
577
106
410
179
67
478
343
110
515
798
867
921
612
358
135
585
278
49
1
645
263
790
840
150
55
272
1
775
392
317
377
56
29
962
652
662
162
61
325
501
853
99
6
8
764
235
995
664
191
626
322
100
207
304
445
352
151
883
764
729
754
602
356
903
950
973
837
4
527
612
163
884
678
157
834
774
739
770
424
418
713
642
445
931
426
710
150
447
282
399
251
188
168
190
453
645
602
916
524
341
17
131
48
876
29
436
687
704
34
131
950
62
691
672
67
401
317
232
402
602
296
467
15
152
361
855
372
666
723
397
83
67
344
834
758
500
563
233
636
777
607
166
919
685
53
358
156
263
442
542
611
929
351
265
112
878
757
54
400
525
665
625
848
595
684
617
723
653
710
138
722
294
348
940
561
246
808
707
952
596
592
296
999
413
921
872
333
646
173
692
715
118
554
641
892
135
142
896
496
943
984
417
257
282
537
499
997
418
202
559
358
969
951
366
911
678
21
896
744
759
888
423
75
54
832
547
559
151
749
999
981
545
137
324
753
555
148
573
931
440
870
282
623
510
632
841
42
292
980
313
375
546
342
585
433
45
483
49
161
131
466
471
201
579
303
789
762
721
623
104
955
33
681
916
892
834
442
719
514
158
668
931
995
126
672
728
252
746
569
218
977
354
179
838
534
575
628
730
571
877
26
254
13
485
589
798
115
350
118
521
261
892
503
623
876
108
173
622
958
918
700
421
97
588
474
77
778
930
335
509
670
679
651
166
704
563
89
326
444
721
786
680
340
447
517
395
26
891
605
250
557
497
492
628
271
162
95
613
14
687
425
477
585
270
188
895
678
372
757
37
305
404
344
146
463
487
213
16
724
668
353
811
874
58
711
870
60
660
712
852
282
828
209
122
813
587
252
251
5
423
714
996
856
878
8
785
390
11
943
