880
2
237
635
424
389
577
512
125
914
785
195
941
550
772
28
199
981
639
591
994
596
527
230
365
418
315
135
399
214
790
792
824
181
427
704
919
99
817
399
845
420
17
824
377
947
246
230
918
419
213
870
155
724
565
396
305
473
208
656
26
231
218
537
687
552
258
738
547
97
502
69
839
145
476
902
621
931
559
201
697
805
255
39
540
578
764
604
531
189
627
740
280
160
378
552
207
331
505
67
892
56
129
851
243
103
2
492
368
142
520
174
264
147
397
930
151
117
669
416
787
760
117
110
353
7
509
916
335
854
888
27
602
224
522
767
409
199
146
274
145
187
496
76
563
341
680
920
51
36
847
88
33
32
165
795
341
748
804
638
239
809
1
497
925
49
760
307
905
689
564
401
778
947
576
995
986
635
247
927
135
72
123
267
910
901
364
141
405
865
783
885
535
4
73
437
942
715
180
815
979
949
322
408
762
503
407
948
373
164
188
954
437
625
112
833
576
225
482
803
767
341
221
57
55
366
747
351
563
677
677
402
400
707
121
303
353
204
894
181
316
650
460
238
284
903
455
826
104
907
694
749
484
359
383
946
847
712
605
56
301
592
868
36
310
578
76
478
407
373
732
32
551
467
433
173
68
82
816
679
551
738
48
724
749
912
628
505
175
210
31
679
733
388
696
917
911
531
705
334
148
601
874
605
102
344
883
854
85
73
114
55
651
863
2
783
816
424
37
149
520
612
658
124
33
497
594
638
545
190
400
582
96
215
528
627
905
360
690
762
391
294
294
778
894
850
649
294
471
591
481
222
40
94
454
376
979
319
18
486
774
227
730
247
907
512
229
522
881
717
212
383
946
127
627
833
214
547
264
706
169
844
321
997
880
183
794
962
410
989
983
445
908
738
135
664
765
524
234
410
628
501
612
288
238
765
570
667
997
761
756
474
661
120
12
905
633
224
999
722
229
917
993
891
941
938
230
177
990
91
358
572
499
153
528
818
124
295
906
888
842
582
912
134
533
556
731
75
641
522
956
41
246
477
578
665
80
92
504
514
431
484
906
215
527
233
705
167
58
615
444
33
332
288
922
534
200
94
910
561
394
890
266
613
796
550
55
767
748
425
620
644
838
713
741
243
958
421
294
534
25
355
16
333
965
208
922
299
678
110
76
349
130
107
937
681
815
752
3
123
51
206
115
614
261
824
984
489
258
749
623
967
682
116
709
180
988
94
618
132
583
22
710
118
307
996
544
562
839
434
788
127
612
366
932
784
578
834
779
176
874
904
358
291
675
2
868
662
97
281
423
50
595
444
851
173
596
804
143
122
468
453
266
794
199
416
192
523
39
727
293
760
166
391
873
873
558
389
932
28
204
763
627
76
458
266
796
585
812
596
663
232
902
170
390
605
868
523
350
582
418
758
718
857
245
370
184
161
714
84
526
221
669
578
926
850
52
110
865
514
829
92
672
916
941
143
528
966
51
440
576
953
165
689
504
244
905
353
644
916
54
937
601
114
836
959
424
20
553
568
705
121
430
364
377
903
682
972
679
984
469
575
907
941
719
478
656
928
689
972
84
440
628
762
134
505
498
954
327
83
506
506
380
725
847
835
163
304
587
459
795
152
752
384
25
697
423
358
673
6
53
210
674
816
83
648
356
124
125
266
558
774
285
522
587
38
296
819
53
472
721
442
622
896
749
514
18
613
687
65
609
109
205
941
523
969
363
883
756
627
710
417
139
445
795
954
974
4
441
746
944
605
677
963
694
871
293
431
614
465
982
766
8
493
801
155
385
605
12
26
150
365
158
349
735
225
613
640
980
960
699
169
676
449
181
564
803
125
894
21
947
502
916
207
207
574
178
197
116
739
406
375
73
314
123
823
721
553
841
157
838
705
860
456
192
292
795
293
766
867
49
453
564
819
393
562
566
233
422
530
516
700
521
192
854
218
175
23
274
181
185
280
803
199
773
166
612
732
373
936
654
536
471
855
879
593
149
512
700
277
70
740
791
127
165
550
844
446
400
181
585
638
948
363
852
563
430
445
698
451
677
12
868
964
319
402
484
238
289
9
18
442
875
761
256
436
210
417
188
524
32
720
879
299
265
188
57
380
576
19
615
369
994
776
528
912
200
696
613
21
211
437
951
625
35
187
397
123
897
105
285
983
821
114
859
316
338
44
977
163
865
41
406
788
212
757
545
603
708
383
367
747
452
988
188
417
968
191
343
229
528
821
792
204
201
257
102
386
966
723
428
814
475
247
285
254
50
683
856
653
